25
(0.000000,4.000000)
(1.000000,4.000000)
(2.000000,4.000000)
(3.000000,4.000000)
(4.000000,4.000000)
(0.000000,5.000000)
(1.000000,5.000000)
(2.000000,5.000000)
(3.000000,5.000000)
(4.000000,5.000000)
(0.000000,6.000000)
(1.000000,6.000000)
(2.000000,6.000000)
(3.000000,6.000000)
(4.000000,6.000000)
(0.000000,7.000000)
(1.000000,7.000000)
(2.000000,7.000000)
(3.000000,7.000000)
(4.000000,7.000000)
(0.000000,8.000000)
(1.000000,8.000000)
(2.000000,8.000000)
(3.000000,8.000000)
(4.000000,8.000000)
16 1 4
2 7 6 1
3 8 7 2
4 9 8 3
7 12 11 6
8 13 12 7
9 14 13 8
12 17 16 11
13 18 17 12
14 19 18 13
32 1 3
2 7 1
6 2 7
3 8 2
7 3 8
4 9 3
8 4 9
7 12 6
11 7 12
8 13 7
12 8 13
9 14 8
13 9 14
12 17 11
16 12 17
13 18 12
17 13 18
14 19 13
18 14 19
