2828 3.451980085600778e+01 7.025388597909166e-01 2.208749052255203e-01 2.330178723487103e-01 8.128922754552834e-01 5.309062643729987e-01 100.0
11508 2.261581239720486e+01 3.519440233568584e-01 1.121961259717581e-01 1.299184662527192e-01 7.680103924989572e-01 6.507611818673780e-01 100.0
3822 3.395227300608084e+01 6.105045206937516e-01 1.872787411341230e-01 2.168978483081467e-01 7.881177110119686e-01 7.049180938591868e-01 100.0
5924 2.814912774773381e+01 4.973453906055319e-01 1.569140204575696e-01 1.768507554119426e-01 7.325314874205415e-01 6.349206504918953e-01 100.0
21126 2.183219147220183e+01 2.692296561507662e-01 8.555070986697617e-02 1.001459612566752e-01 7.312031014590452e-01 7.296594856878786e-01 100.0
17326 2.452933685337849e+01 2.932359254709270e-01 9.304254516183330e-02 1.197204556773842e-01 8.006668904722527e-01 6.226107260756998e-01 100.0
23660 1.805631699323485e+01 2.504170181480802e-01 7.903317452848936e-02 1.054986646424941e-01 7.486209810469752e-01 7.074115404734316e-01 100.0
8490 2.216924148038911e+01 4.116794320967676e-01 1.297258961494472e-01 1.349984399257470e-01 7.617015579673544e-01 7.333333505701369e-01 100.0
10028 2.964415842729841e+01 3.861009872988767e-01 1.234747067189606e-01 1.637701758423797e-01 7.623995661934746e-01 6.584858410581249e-01 100.0
15040 2.169406147799833e+01 3.064853158319845e-01 9.702408500016012e-02 1.159631603779034e-01 8.066562079313324e-01 6.575089207168660e-01 100.0
4766 4.111044492598850e+01 5.589488874331157e-01 1.788727009915117e-01 1.908584791894816e-01 7.880501684357814e-01 6.114477919358088e-01 100.0
1454 5.813884273947782e+01 9.563910885696760e-01 2.991302682276518e-01 3.333246446159037e-01 8.012332444639484e-01 5.840892576773661e-01 100.0
19100 2.141874654641800e+01 2.766355565902927e-01 8.710243941223435e-02 8.831537947819545e-02 7.486209452526702e-01 6.067770513916597e-01 100.0
2102 4.589229132282270e+01 8.021491146178621e-01 2.499413104051360e-01 2.744054213844691e-01 8.592587192143749e-01 4.945054795773167e-01 100.0
964 5.463388791558759e+01 1.207597875334293e+00 3.714496836457994e-01 3.400859782313608e-01 8.628910115629307e-01 5.152014694946080e-01 100.0
13192 2.413654001674890e+01 3.313262604445112e-01 1.043743641301848e-01 1.081714580108859e-01 8.043407176635609e-01 6.498776606007055e-01 100.0
7122 3.939653452804136e+01 4.471889864079864e-01 1.413192676025926e-01 1.651541631680050e-01 7.793479407902829e-01 6.349558765011960e-01 100.0
