77496 1.000178999912829e+01 6.686681756260043e+01 3.137189213568955e+01 7.962954376024109e+01 7.644953408225954e-01 6.831310555652954e-01
70982 1.250350100023798e+01 6.945257250437012e+01 3.272877118259931e+01 7.662402700304089e+01 6.773400883482076e-01 7.330931509098737e-01
54350 1.167477475771106e+01 7.613826643216166e+01 3.483090919167442e+01 1.180082067581294e+02 7.486196983778446e-01 7.275875275650406e-01
15896 2.010876311343030e+01 8.350779686621021e+01 3.808661903406021e+01 9.961416543933197e+01 6.947985070597031e-01 7.437808919082368e-01
73310 1.576483460666991e+01 6.734604084106465e+01 3.135149752198780e+01 8.234328602986747e+01 7.743799909458386e-01 7.295715722267531e-01
79864 1.272042267838056e+01 6.580985420026994e+01 3.060581495853949e+01 7.226160795383308e+01 7.464991043636238e-01 6.861792183137474e-01
33438 2.421270877653449e+01 8.056588698102530e+01 3.592218130949703e+01 7.758190244742501e+01 7.464281522257794e-01 6.438509483570032e-01
42626 1.381720538885567e+01 8.155418623959341e+01 3.732530229663858e+01 7.336675784620951e+01 7.075433917634701e-01 6.920480170485549e-01
49534 1.528931243107223e+01 7.679125013651344e+01 3.478986224717922e+01 8.206839867726603e+01 6.957269724400637e-01 7.125784285072291e-01
40896 2.252089930770890e+01 8.027833512008542e+01 3.635339112124667e+01 7.516801362098312e+01 7.043237576032655e-01 7.089671079520506e-01
14010 1.951155057043712e+01 8.142879738143921e+01 3.696755747013697e+01 9.168472735451479e+01 7.525414009387290e-01 6.469551075790544e-01
72096 1.497594136044101e+01 6.835112510569908e+01 3.165685187628094e+01 7.953694020867002e+01 6.849016959727138e-01 7.279133925563464e-01
24628 2.239831034841764e+01 8.885209217159779e+01 4.042355362046072e+01 9.571552555305433e+01 6.971444545837835e-01 8.012403513847911e-01
92820 9.047901457090553e+00 6.171420824018432e+01 2.896731308007076e+01 7.953005537776809e+01 7.500246771706502e-01 6.025479723568112e-01
84380 1.450371179973742e+01 6.408072997661407e+01 2.991775837288472e+01 8.077469746978041e+01 6.822440255899397e-01 7.307562498680655e-01
87972 1.108986929271377e+01 6.277507322260264e+01 2.941509997855805e+01 6.213212139386069e+01 7.401573776782089e-01 7.315362350684262e-01
11508 2.261581239720486e+01 7.340420575247296e+01 3.320177268793125e+01 8.722304223483806e+01 7.680103924989572e-01 6.507611818673780e-01
51974 1.760098670627846e+01 7.684081154876907e+01 3.505452924743606e+01 8.123903082703617e+01 7.720461472919774e-01 6.855591064382042e-01
29444 1.962283569537470e+01 8.763165012097994e+01 3.985666828425830e+01 9.181642769792859e+01 7.179214072834840e-01 6.561857395178607e-01
32878 1.607456272763577e+01 8.648669114834908e+01 3.959491201726984e+01 1.011469146736069e+02 7.452881952833728e-01 6.397102471362571e-01
13704 2.929322803772348e+01 7.891006714030345e+01 3.581618639535958e+01 9.511507765978727e+01 7.317601438258674e-01 7.011311470926382e-01
47030 1.388541308940241e+01 7.912090566560913e+01 3.616920890959931e+01 7.876663946126871e+01 7.518393349797809e-01 7.043825757511327e-01
44660 1.289520748246810e+01 8.087742524998204e+01 3.672729344090097e+01 7.236568438890191e+01 7.997929764820151e-01 6.140170066864192e-01
77768 1.669951560866177e+01 6.734249036977911e+01 3.119269940921488e+01 7.558346557131630e+01 7.006594744457671e-01 7.008220169013386e-01
5924 2.814912774773381e+01 3.849689832363961e+01 1.827042785051855e+01 5.402230410658817e+01 7.325314874205415e-01 6.349206504918953e-01
58108 1.907941570515390e+01 7.529674610918556e+01 3.477688798117310e+01 1.018124710950369e+02 6.842142857149041e-01 7.508095482304691e-01
60232 1.267360430754096e+01 7.350828852947947e+01 3.418280170348694e+01 7.954530266815279e+01 6.731092345277561e-01 7.367356671426092e-01
6146 2.812835349635134e+01 3.922294816088760e+01 1.836521143138360e+01 5.615439159746060e+01 8.020544529582192e-01 7.500000589451743e-01
15540 2.063876063875486e+01 8.291335297715938e+01 3.793653948015671e+01 9.090706304893965e+01 8.196657059903789e-01 6.122539192152229e-01
75458 9.554794561462826e+00 6.755037403261016e+01 3.149465106019689e+01 6.983963873023870e+01 6.731091625637083e-01 6.661580569028985e-01
20472 2.103323653045861e+01 8.466797514159654e+01 3.863749067916857e+01 9.897359144850475e+01 6.945174229457963e-01 7.157724290901963e-01
54480 1.876120519036265e+01 7.586442961328981e+01 3.479775056052743e+01 6.568804010590674e+01 6.851675696125051e-01 7.105664056460081e-01
34232 1.526709439885536e+01 8.678812779650292e+01 3.917289898809504e+01 8.533726590752164e+01 7.822651539133157e-01 6.467615758678231e-01
69292 1.472775887162612e+01 7.008570629204794e+01 3.254072025989210e+01 8.504907065450064e+01 7.422049826315344e-01 7.553927488173368e-01
67108 1.287014149152237e+01 7.061903422281257e+01 3.266616350119467e+01 7.320181603345587e+01 7.292206137857282e-01 7.174380526554441e-01
89930 1.134095849760782e+01 6.202113377876702e+01 2.916688909017103e+01 6.645411922395368e+01 7.142398882664540e-01 6.696816762042676e-01
21126 2.183219147220183e+01 8.536421442828981e+01 3.909002268219061e+01 1.035609734579521e+02 7.312031014590452e-01 7.296594856878786e-01
41564 1.635555662034563e+01 7.972723572049135e+01 3.649620245261975e+01 9.342837433615487e+01 6.998382511046779e-01 7.957411784450246e-01
38152 1.637239679769980e+01 8.359685500846439e+01 3.802214119311639e+01 9.804240595663973e+01 7.407875457023753e-01 7.092754934383094e-01
30878 2.308453977611797e+01 8.682857470250914e+01 3.951109457614917e+01 9.278063616362472e+01 7.469882609401672e-01 6.896893115694277e-01
11446 2.056078882510379e+01 7.205686790398653e+01 3.403726626706140e+01 8.320294983524546e+01 7.928269864945117e-01 6.699995288820726e-01
85142 1.154725952276107e+01 6.292263006514288e+01 2.950150329145091e+01 7.732757573545673e+01 7.334361893267606e-01 6.926605887034694e-01
61680 1.797539003574801e+01 7.238262597320116e+01 3.335479846881973e+01 6.804169102828804e+01 7.342561464079433e-01 7.026197888731994e-01
16698 2.006168647677903e+01 8.425939768351293e+01 3.864849273479225e+01 9.552763835275840e+01 7.349636733044358e-01 6.845265592904509e-01
56412 1.641006648761435e+01 7.487396708762867e+01 3.400549740810900e+01 7.957520303816102e+01 7.326293286715022e-01 7.253077367565708e-01
17326 2.452933685337849e+01 8.468430237029079e+01 3.823709017316597e+01 1.111104182846547e+02 8.006668904722527e-01 6.226107260756998e-01
74008 9.506704062642115e+00 6.848106006523886e+01 3.172699482030601e+01 7.245841052154572e+01 7.519624692770310e-01 7.399413202379577e-01
43818 1.575430351524331e+01 8.164865786063234e+01 3.700586241723050e+01 9.434084008675030e+01 7.501938307755643e-01 7.296596417368287e-01
23660 1.805631699323485e+01 8.784287064938607e+01 3.996106590700655e+01 8.912862058303162e+01 7.486209810469752e-01 7.074115404734316e-01
21756 1.882350672512488e+01 8.730177610453660e+01 3.978880714241271e+01 8.887272105871261e+01 7.520660642000494e-01 6.249740159383402e-01
25962 1.648598141270326e+01 8.804662275055426e+01 4.005660423797990e+01 1.056171924924423e+02 7.486209737085310e-01 6.067769624887366e-01
22352 2.040353965249160e+01 8.462553883756999e+01 3.826002643724986e+01 9.161195254883000e+01 7.745367035813028e-01 6.861791075752811e-01
19964 1.781824338310678e+01 8.845096337658748e+01 3.997160913382165e+01 8.546308225975702e+01 7.623268248586865e-01 6.515161490731392e-01
25396 1.622145141240286e+01 8.820119072068209e+01 4.004091328371521e+01 9.133949457056357e+01 7.668589007809281e-01 7.505809734749959e-01
8490 2.216924148038911e+01 5.787787797108471e+01 2.611678674207385e+01 7.047943115739065e+01 7.617015579673544e-01 7.333333505701369e-01
6370 2.816792692427660e+01 4.402156667577728e+01 2.223597880591221e+01 1.031698700699751e+02 7.803843568607552e-01 5.791742597869335e-01
22722 2.315208140613135e+01 8.893557638801050e+01 4.062436993412953e+01 9.177381523760656e+01 7.457846843609952e-01 7.189974945476814e-01
37268 1.554430513008244e+01 8.360327424188155e+01 3.793329594194062e+01 8.224616871707175e+01 7.775547352694835e-01 6.826253654190262e-01
75404 1.637469734454696e+01 6.693191203132046e+01 3.135047651381308e+01 7.353138147216970e+01 7.038994321321524e-01 7.548517198270640e-01
57548 1.668980010494364e+01 7.388574339902513e+01 3.391226821770625e+01 7.352238432821480e+01 7.697840401860012e-01 6.964057518594999e-01
89158 9.722848261525227e+00 6.269605543451573e+01 2.940016757982016e+01 8.000193085198799e+01 6.979663565002449e-01 7.192474471434303e-01
10028 2.964415842729841e+01 6.079201523245970e+01 2.816277352308206e+01 7.319075947257971e+01 7.623995661934746e-01 6.584858410581249e-01
55014 1.516770601934659e+01 7.534569974450326e+01 3.451683044151306e+01 7.730747770907062e+01 7.305060497191194e-01 8.361771645411609e-01
59760 1.356451764232337e+01 7.176314244419177e+01 3.326610381756414e+01 8.168034781878191e+01 7.377833446021149e-01 6.915546621557142e-01
90768 1.515278061656699e+01 6.291731685751024e+01 2.955418586034750e+01 7.700947380839662e+01 6.715827108200405e-01 7.957412169456908e-01
87088 1.627670876886924e+01 6.445405483928093e+01 3.031295186851840e+01 7.503592069648894e+01 6.831920929214467e-01 7.218781445375103e-01
14636 2.735713713580931e+01 7.954552847048976e+01 3.680059556859048e+01 1.047893730071614e+02 7.390785563367428e-01 7.821215114421015e-01
68962 1.299332057607474e+01 6.962936392608333e+01 3.250063906779834e+01 7.883941167498571e+01 7.285587177351489e-01 7.031657230236874e-01
26682 2.710924667507749e+01 8.930984717214562e+01 3.969594213378323e+01 8.367460226942531e+01 6.843844678800775e-01 7.752000915479248e-01
29740 2.402585237114420e+01 8.804111462332803e+01 3.956902098511229e+01 8.962652834781346e+01 7.577111791858908e-01 7.010554728148187e-01
81062 9.785017857360092e+00 6.406209280241372e+01 2.987366576147378e+01 8.151524856134742e+01 7.922587410985024e-01 6.501487223449732e-01
65406 1.860587388501179e+01 7.244349164444702e+01 3.392942020828061e+01 8.173026810099918e+01 6.740630584843115e-01 7.196399746993498e-01
86844 1.589297336075439e+01 6.298835619198390e+01 2.963141890994071e+01 8.937433683292143e+01 7.663949371462593e-01 7.156524487611317e-01
48404 1.367449399962064e+01 8.020510279617216e+01 3.670082865889717e+01 8.649190517156163e+01 7.339701575665478e-01 7.829972981114783e-01
36512 1.479916341596282e+01 8.482189638756448e+01 3.842416475292674e+01 8.436801868689298e+01 7.188533326071778e-01 6.996626539240844e-01
7944 2.863505629064391e+01 5.350322082101463e+01 2.530914689573557e+01 7.489105998793363e+01 7.422663057470476e-01 7.505320530271656e-01
48268 1.867545925961518e+01 7.817585746846125e+01 3.586624868775233e+01 7.953216146964883e+01 7.149864038258853e-01 6.685866363340466e-01
49138 1.627675480708571e+01 7.902225301173229e+01 3.614834648681541e+01 8.121369107393099e+01 7.486196204530879e-01 6.281066685794510e-01
9372 4.511948954567536e+01 6.254813305785303e+01 2.974670325777299e+01 9.608299406375190e+01 7.969562630932605e-01 6.218280380570486e-01
53564 1.395165644003491e+01 7.673290030454061e+01 3.502443888831387e+01 7.279104257486705e+01 7.307271855035120e-01 7.010554437745888e-01
15040 2.169406147799833e+01 8.049433860506633e+01 3.632551646682054e+01 9.186839812723289e+01 8.066562079313324e-01 6.575089207168660e-01
50196 1.325838962297484e+01 7.885816007937161e+01 3.581370037794943e+01 6.605723825653348e+01 6.842142551403090e-01 6.965816626095751e-01
18314 1.922988839986960e+01 8.731715418612711e+01 3.951031000373904e+01 9.283723139522576e+01 7.699463845748771e-01 6.158196885353844e-01
31224 1.838505071969380e+01 8.643394992955346e+01 3.948009781436662e+01 9.038244941548932e+01 7.478397226967166e-01 7.074833052674229e-01
23118 1.960736003381854e+01 8.813275676437364e+01 3.977089485607299e+01 9.317732501975166e+01 7.290314846460633e-01 7.474749983961976e-01
67320 1.041825468810640e+01 7.042409528116572e+01 3.270270760667957e+01 9.331418825586186e+01 7.563361929330634e-01 6.643458712381851e-01
45246 1.332992061271856e+01 7.982956340686385e+01 3.670455926472975e+01 9.618355153676387e+01 7.041317687974855e-01 6.463107943702534e-01
39196 1.595736376560530e+01 8.339311075180524e+01 3.793506075205984e+01 7.930653294751470e+01 7.617841175996869e-01 7.158603395798880e-01
46234 1.453803533035812e+01 7.616932864981132e+01 3.547447979475391e+01 9.592589620322072e+01 7.241636279739875e-01 6.265710619016897e-01
6932 2.956090849314027e+01 4.657969886296330e+01 2.111929685992401e+01 4.784906230562585e+01 7.680769998532669e-01 7.443621593593415e-01
38926 1.658175103256798e+01 8.276301354378916e+01 3.775792350290388e+01 8.205841508778028e+01 6.906111989720511e-01 6.986652549472958e-01
14426 2.265596013581735e+01 7.937457486078353e+01 3.667130329440693e+01 8.912946868250501e+01 7.317601336283336e-01 7.296595162194692e-01
63630 1.448101494213600e+01 7.233223574827255e+01 3.364299936781483e+01 7.590092766542264e+01 6.822441518566840e-01 7.752002699553183e-01
28840 1.785970063584276e+01 8.751510477469265e+01 3.953289594951853e+01 8.978734583723667e+01 7.623995671629501e-01 6.652743370481856e-01
35720 1.842842594556360e+01 8.562027872435533e+01 3.869886681543073e+01 8.869850675422160e+01 7.058728125855529e-01 7.624625026344266e-01
24124 2.052406842067950e+01 8.505406415591089e+01 3.951374299060890e+01 1.016638940213731e+02 7.464282031621758e-01 6.034613985478388e-01
8764 4.395176509176190e+01 5.805910763278806e+01 2.708077081316108e+01 8.314946123291475e+01 7.621528942260885e-01 6.441175509932456e-01
6656 2.844124723924595e+01 4.737129711711683e+01 2.319081883539154e+01 1.083502628674452e+02 7.822823833230322e-01 6.876851886290076e-01
79404 1.438171473499824e+01 6.621806472551381e+01 3.123059258903803e+01 8.105215847973153e+01 7.249275819955107e-01 7.864705830971013e-01
35218 2.255209132778453e+01 8.456865118041998e+01 3.808611719701309e+01 7.591799260692797e+01 7.468564800466166e-01 6.022749695377275e-01
83276 1.546697190276637e+01 6.487662284890899e+01 3.019791772318635e+01 6.812187863778558e+01 6.910028095743372e-01 7.147642234515748e-01
11820 2.600674599852464e+01 7.429955796237519e+01 3.406315584215334e+01 9.370527364726719e+01 7.188533099967892e-01 7.000323024596660e-01
17340 1.895929128152408e+01 8.541694341450253e+01 3.882378327393715e+01 9.128188647634393e+01 7.968356237959819e-01 6.415675141492435e-01
52648 1.951284734582832e+01 7.591038275593195e+01 3.549634502082401e+01 1.229996359079309e+02 7.210145908277308e-01 7.185587851940768e-01
20768 2.434718142893474e+01 8.819155195006647e+01 4.014944452978102e+01 8.034080395084081e+01 7.370047522760083e-01 7.428090826124614e-01
82850 1.190749992030618e+01 6.403871161062455e+01 2.950544619070192e+01 8.389495212391488e+01 7.381073280232401e-01 7.192474153238646e-01
19100 2.141874654641800e+01 8.801338209411914e+01 3.967705415237604e+01 8.971180841559672e+01 7.486209452526702e-01 6.067770513916597e-01
26532 1.530289548463207e+01 8.784891930983497e+01 3.999642250528401e+01 8.760096300273750e+01 7.108987041106960e-01 7.724965459123366e-01
27928 1.855390810067706e+01 8.778774398610611e+01 3.961433331951267e+01 1.044879859995649e+02 6.932527316555319e-01 6.664854538286518e-01
19384 2.294023647043916e+01 8.852535593194335e+01 4.022612029330607e+01 1.035265119041749e+02 7.352515661100808e-01 6.801092877485224e-01
28370 1.676385304470885e+01 8.889223249148242e+01 4.033077523318058e+01 8.436221107260572e+01 7.221816677616620e-01 6.095263954446581e-01
12124 2.862154516867734e+01 7.496526192136510e+01 3.406129964722812e+01 8.237636226605585e+01 6.708909182183659e-01 7.657570706421000e-01
30148 1.886646135739150e+01 8.791433038817055e+01 4.005849359056452e+01 8.239241937388539e+01 7.385681559183889e-01 7.088014474334019e-01
46886 1.952553639026642e+01 8.025899440081082e+01 3.721713956936682e+01 8.763584686644217e+01 7.468841037275502e-01 6.950733344134705e-01
64962 1.137943775358815e+01 7.100185085732421e+01 3.274356047836829e+01 8.539095103734340e+01 7.395649204373104e-01 7.385002952162993e-01
12958 2.189010207773538e+01 7.592999243157955e+01 3.481759624511712e+01 8.385597282557404e+01 7.925026423997079e-01 6.929863138244396e-01
81776 1.277649533228109e+01 6.513048096702988e+01 3.045550523725553e+01 7.761833660032593e+01 7.318269732065505e-01 6.780201316705103e-01
69840 1.324660250018693e+01 7.001947741986007e+01 3.265757799067788e+01 7.915612077557907e+01 7.118947528691627e-01 7.037390690048138e-01
91782 1.266369991787486e+01 6.070647871758755e+01 2.814406150824203e+01 7.664265497820634e+01 6.772064806894778e-01 7.125785387308091e-01
95080 1.347028062397221e+01 6.119621079905964e+01 2.896755560727865e+01 8.489360548129409e+01 7.520403786604529e-01 6.929863685334884e-01
36980 2.260520372226572e+01 8.570449584415478e+01 3.893251693807228e+01 8.683320988486741e+01 7.951046303756812e-01 6.696996893230037e-01
10218 2.291728638586007e+01 6.912462177312756e+01 3.246752271140512e+01 7.872198545737163e+01 7.520553737688280e-01 6.293906967239704e-01
72956 1.255177618041609e+01 6.849052694074662e+01 3.191961010401978e+01 8.994814780331986e+01 7.562361194059891e-01 6.909273572625698e-01
18802 1.990946412468296e+01 8.682827332318391e+01 3.908676271950813e+01 9.575005304462611e+01 7.006595527844561e-01 6.228563889942276e-01
78570 1.140626091283639e+01 6.665806369202426e+01 3.099443704974835e+01 8.384682116845151e+01 6.924744245967995e-01 6.875971236943247e-01
31652 1.563387306118859e+01 8.529700727744185e+01 3.879187220057430e+01 9.138590607126008e+01 7.885614083850978e-01 6.782282960874504e-01
16112 2.997870324281213e+01 8.219506646364488e+01 3.798308220758427e+01 1.038839270769069e+02 7.317601246250460e-01 7.011311693197723e-01
24866 1.832148116945876e+01 8.342108684950344e+01 3.807037441680051e+01 9.929838823646053e+01 6.954079555960553e-01 7.296595293570732e-01
51562 1.378680586566212e+01 7.660378671572735e+01 3.552334036374940e+01 8.482391269727449e+01 7.515916910187601e-01 7.389165055539364e-01
62920 1.633628176364791e+01 7.234468525341889e+01 3.344403556526115e+01 7.804343123377167e+01 6.789439752907824e-01 7.656003340718137e-01
7712 2.473676425167539e+01 5.059576876421447e+01 2.423782816119210e+01 6.078868958830303e+01 7.312030611493483e-01 7.497911105029774e-01
32254 1.767370526690409e+01 8.163225526718767e+01 3.718761624891114e+01 8.645275195016630e+01 7.967488992745475e-01 6.782283614786281e-01
9658 2.511237912886419e+01 6.195313666053180e+01 2.866549784172210e+01 6.701428605410837e+01 7.831653635487993e-01 6.685673763286663e-01
40468 1.564981505416736e+01 8.254966810425398e+01 3.743353683102396e+01 8.629307270595240e+01 7.668588968308772e-01 6.929862128184839e-01
34856 1.729452336545747e+01 8.185115691196576e+01 3.741257061567374e+01 7.935784134286311e+01 7.647951262516819e-01 7.043825548486724e-01
8334 3.029388573006802e+01 5.777368506729665e+01 2.738394680496221e+01 8.202141023051936e+01 7.680770131720985e-01 6.461564463820371e-01
9096 2.383254376248616e+01 6.183512480822137e+01 2.860635514944409e+01 7.193404140798306e+01 8.219972392215972e-01 5.454937123426522e-01
17774 2.096561190812193e+01 8.219765675527339e+01 3.784390933305787e+01 1.010459074361650e+02 7.258116873586424e-01 6.469549924626448e-01
13192 2.413654001674890e+01 7.869301605128130e+01 3.579434028223551e+01 7.987234838348127e+01 8.043407176635609e-01 6.498776606007055e-01
57536 1.260917758423677e+01 7.570886164073276e+01 3.502226508162842e+01 9.666664956501005e+01 7.706015322057569e-01 7.062730497646184e-01
94716 1.072581980217168e+01 6.102517526874072e+01 2.878375056648705e+01 7.031638293140297e+01 7.359330590667470e-01 6.865058257515436e-01
39728 2.326192375992537e+01 8.340062782035054e+01 3.795908395734537e+01 7.833133989063680e+01 6.915927483904940e-01 7.108979210280801e-01
7122 3.939653452804136e+01 4.922545145680206e+01 2.301332489741154e+01 5.747454228525522e+01 7.793479407902829e-01 6.349558765011960e-01
10984 2.114104881783619e+01 7.319095050975045e+01 3.392114911938994e+01 8.460805389582065e+01 7.967154355322154e-01 5.747965598852827e-01
61934 1.699846305595572e+01 7.314910945627992e+01 3.395618105433181e+01 7.371711378463536e+01 6.555760213803139e-01 8.320917050248048e-01
66072 1.253285378204772e+01 7.051890398748776e+01 3.286576627700576e+01 8.645281484388980e+01 7.878778519813585e-01 6.854073913278378e-01
42414 2.130852776173049e+01 8.036805753889959e+01 3.669446202187730e+01 8.265744370630549e+01 6.851753244595403e-01 7.575686058651908e-01
10374 2.107815984190653e+01 6.916912167490511e+01 3.191023748678506e+01 8.154307686305108e+01 8.103155110781460e-01 5.893603962315654e-01
7358 2.450675129954692e+01 4.964500465722361e+01 2.276151954625720e+01 5.564584333659362e+01 7.924240693925877e-01 5.913009014946595e-01
12652 2.479559056043185e+01 7.784617453156500e+01 3.541654637280855e+01 1.129509484723124e+02 8.030296695536194e-01 5.530530907422397e-01
