400 1.131370849898477e+01 1.003647112236993e+01 4.165569080029341e+00 8.120738094928146e+00 1.000000000000000e+00 0.000000000000000e+00 100.00
1600 5.656854249492384e+00 1.007973585960209e+01 4.154259066591814e+00 6.134526732125710e+00 1.000000000000000e+00 0.000000000000000e+00 100.00
6400 2.828427124746192e+00 4.880035081445881e+01 2.141568499024620e+01 4.433471692043565e+01 1.000000000000000e+00 0.000000000000000e+00 100.00
25600 1.414213562373096e+00 7.580339427959223e+01 3.400047058626041e+01 7.606175243103050e+01 1.000000000000000e+00 0.000000000000000e+00 100.00
40000 1.131370849898654e+00 5.832401119713370e+01 2.662047623166263e+01 6.148351366878096e+01 1.000000000000000e+00 3.552713678800703e-14 100.00
62500 9.050966799189625e-01 4.350732457143487e+01 1.936072421909775e+01 4.460925408976277e+01 1.000000000000000e+00 4.440892098500918e-14 100.00
90000 7.542472332658190e-01 3.249823525773311e+01 1.440651983973046e+01 3.310163459413646e+01 1.000000000000000e+00 5.329070518201053e-14 100.00
122500 6.464976285135833e-01 2.481189694756529e+01 1.103316480008700e+01 2.533395888280178e+01 1.000000000000000e+00 6.217248937901286e-14 100.00
160000 5.656854249493871e-01 1.943691176541196e+01 8.677599856947865e+00 1.990235727770839e+01 1.000000000000000e+00 7.105427357601404e-14 100.00
202500 5.028314888439362e-01 1.568472411295227e+01 6.983849024919158e+00 1.601339914421203e+01 1.000000000000000e+00 7.993605777301795e-14 100.00
