10000 8.451936043711552e+01 7.467333228420182e+01 3.645574927425358e+01 1.463315908268556e+02 5.851887879330588e-01 1.000344626508088e+01
11025 8.019349808387898e+01 7.435532355030037e+01 3.737305640569264e+01 1.209557776818370e+02 3.150620118169009e-01 7.861549608113878e+00
12100 7.137552107480138e+01 6.613807308562139e+01 3.263081823907427e+01 1.028246565008817e+02 6.658371338695631e-01 2.026827789294058e+00
13225 1.005084984189615e+02 7.152521867566983e+01 3.360261494951914e+01 1.290559194986402e+02 4.930038563689694e-01 9.191625970836666e+00
14400 7.912465478260293e+01 7.409371342074748e+01 3.499128193100143e+01 1.258637063006881e+02 3.896868018880910e-01 9.503738390862390e+00
15625 8.301285021890453e+01 7.471031359508318e+01 3.559746195366686e+01 1.119832288430953e+02 5.159850608445944e-01 3.528166421447871e+00
16900 6.558936294067763e+01 7.382906476454474e+01 3.593080336058113e+01 1.032943946255823e+02 3.695479544792285e-01 1.185136497717169e+02
18225 8.108659765841949e+01 7.477893775260098e+01 3.579668999255222e+01 1.202088668372054e+02 7.094842364519272e-02 1.990790313816973e+01
19600 7.502984481130677e+01 7.437505653268170e+01 3.495310626011371e+01 1.035415496409156e+02 1.474509931928442e-01 1.295703394639006e+01
21025 8.740475615211811e+01 7.158978737708459e+01 3.407788978493268e+01 1.196022279696646e+02 5.918391507109412e-01 5.648303961702778e+00
22500 7.966517137781005e+01 7.586883486638911e+01 3.573911522477392e+01 1.004854406026446e+02 5.353256935335771e-01 2.571342228982912e+01
24025 6.844050387818174e+01 7.424139289065943e+01 3.476286839449717e+01 9.227106335343581e+01 2.819857804981299e-01 2.999208451184728e+00
25600 5.975044673498710e+01 7.189718796636274e+01 3.366836271033987e+01 1.073879078837483e+02 4.218572474274596e-01 5.862780266942258e+00
27225 6.832869207137171e+01 7.042731144096138e+01 3.275005254286540e+01 1.072162347100004e+02 2.889600406032645e-01 1.503986776455589e+02
28900 6.589232575034370e+01 7.196984480598033e+01 3.366987203821191e+01 1.007015361136388e+02 3.957267760511843e-01 8.556464615464941e+00
30625 6.603424068075606e+01 6.780123856563253e+01 3.153454921943813e+01 8.429535588598048e+01 3.415536290132120e-01 4.073663931457416e+01
32400 1.008837603472024e+02 6.772940631860558e+01 3.215571475933593e+01 9.299601236112696e+01 4.009527809826885e-03 1.060164393302887e+02
34225 5.901447888410604e+01 6.463298495714206e+01 2.979976557409244e+01 8.515579343602764e+01 5.305699649294815e-02 3.228147184941189e+01
36100 6.165365509846309e+01 6.414552430949641e+01 3.000667593406862e+01 9.059423256651307e+01 7.512697851019823e-03 1.925840144020156e+01
38025 5.902090670342426e+01 6.480399932623487e+01 5.042727458863320e+01 1.887295610174367e+03 1.629259035044861e-02 1.779515235273886e+02
40000 6.965228565866703e+01 6.177497207675167e+01 2.883495524291084e+01 8.984618188849434e+01 1.010471603833829e-02 1.995133052034008e+01
42025 8.691109928951083e+01 6.152298165310985e+01 2.849661794000942e+01 7.546739458169174e+01 3.175299421778958e-01 2.822673167380131e+02
44100 6.467281155665459e+01 5.907013060559505e+01 2.762370344617097e+01 1.145886081529645e+02 5.110540848228191e-01 6.862068670813441e+00
46225 7.197981755468464e+01 5.814770978313702e+01 2.741179461107033e+01 9.173678516545273e+01 1.677206293682836e-01 3.843037343361080e+01
48400 5.730914155535868e+01 5.722920178264735e+01 2.645806781804122e+01 8.192548444797201e+01 2.151045396415416e-01 6.403228006776727e+01
50625 5.448672987668056e+01 5.542697065211365e+01 2.587678211100280e+01 1.313298301457102e+02 2.535250487631924e-03 1.238261904632450e+01
52900 7.764162606233269e+01 5.433618544135440e+01 2.526177446311376e+01 9.653893248522864e+01 8.501182969510268e-02 1.501771456209888e+03
55225 6.919287110716232e+01 5.273408376030925e+01 2.457994747499604e+01 8.814222878616550e+01 9.455186600414822e-02 3.071184314929502e+01
57600 7.438433638382359e+01 5.293779729426020e+01 3.363498833335152e+01 1.588667129487219e+03 2.411183760497426e-03 1.194826898224867e+01
60025 5.585695733090164e+01 5.087569047083625e+01 2.366758441615597e+01 8.180057853070838e+01 3.808950521420078e-01 6.226452422109403e+01
62500 7.710541633143356e+01 4.942329620176453e+01 2.279431144475523e+01 6.951869130834314e+01 7.152394931221928e-02 2.708162729827975e+01
65025 6.680851022244343e+01 4.904868262770036e+01 2.340000351373211e+01 1.962170197625681e+02 1.725643940115562e-02 2.459752769916629e+01
67600 5.439978004771241e+01 4.836829408651988e+01 2.273453394649861e+01 1.191880035916244e+02 4.001677339712626e-01 1.385601922809850e+02
70225 6.181217420980448e+01 4.686525178708811e+01 2.174582087272238e+01 6.712237336609383e+01 6.265951248915358e-02 7.787615351213836e+01
72900 6.202607725527822e+01 4.582430336007871e+01 2.131583641606218e+01 9.103450345033130e+01 2.795257643841180e-01 2.162850452507606e+01
75625 6.984570206679713e+01 4.441176324381441e+01 2.062090172990492e+01 6.034892300051926e+01 4.761265191109976e-02 3.768543023934785e+01
78400 5.776064374886518e+01 4.419329388033677e+01 2.071941447264290e+01 1.058088423470533e+02 4.061158064375125e-02 4.332706047440396e+01
81225 4.202792469075450e+01 4.380467684146736e+01 2.277725764640677e+01 6.275340950709285e+02 5.379483634340188e-02 4.346514086719667e+01
84100 5.913715627606803e+01 4.191776296479821e+01 1.962253982433132e+01 9.343389110849114e+01 5.632801793879327e-02 3.733735344645404e+01
87025 5.246517485354987e+01 4.124533927944773e+01 1.936512405322906e+01 5.920836402588220e+01 2.106378243470963e-01 1.320075629829002e+02
90000 6.086541348014367e+01 4.062050657123569e+01 1.906654012764339e+01 5.804954741454834e+01 1.292740407019011e-01 3.443086814402623e+01
93025 7.330647720665574e+01 3.951936408506955e+01 1.859011078041584e+01 7.566447677521376e+01 6.158172821245655e-02 1.318665077299624e+02
96100 5.306353147355693e+01 5.441861891225774e+01 5.403906060318806e+02 2.889124351755425e+04 3.265508683945528e-02 1.079107345864758e+02
99225 4.533286498490640e+01 3.820907235020681e+01 1.801136423433538e+01 6.561520286671924e+01 3.951444460014653e-02 1.582827106750682e+01
102400 5.001413867712775e+01 3.756360408832988e+01 1.797649301966386e+01 1.539963946755731e+02 4.459874305221490e-02 6.868116958121476e+01
105625 4.964533255534695e+01 3.719120475434044e+01 1.771969459381803e+01 6.910319043085902e+01 4.763043482081342e-03 1.211399031110435e+03
108900 4.816966937913757e+01 3.625578575922974e+01 1.773064313608301e+01 2.511605884359137e+02 2.612390311197965e-02 4.104574220519680e+01
112225 4.410894540284654e+01 3.712249537307335e+01 6.999079367371941e+01 5.335501960061778e+03 3.095991786693975e-02 2.788064391189226e+02
115600 4.780277512322296e+01 3.458937401810672e+01 1.644246596063355e+01 8.461434494233255e+01 4.174970916316401e-02 1.566230480360197e+01
119025 4.775999088213275e+01 3.770538618487770e+01 1.233773676850061e+02 8.812129244477175e+03 1.418163390019878e-03 3.675778485119658e+03
122500 5.388909909601927e+01 3.394161522065694e+01 1.613844058332697e+01 6.884885264050783e+01 1.193348987525948e-01 7.320247978605482e+01
