77496 1.000178999912829e+01 4.546589436971263e-01 2.190978438851502e-01 5.345263815328996e-01 7.644953408225954e-01 6.831310555652954e-01
70982 1.250350100023798e+01 5.067319633195442e-01 2.478182469896564e-01 7.316716324012952e-01 6.773400883482076e-01 7.330931509098737e-01
54350 1.167477475771106e+01 6.018856254177418e-01 2.841304294639072e-01 7.471854304667376e-01 7.486196983778446e-01 7.275875275650406e-01
15896 2.010876311343030e+01 1.045878184901001e+00 4.287058374133584e-01 9.640216508280797e-01 6.947985070597031e-01 7.437808919082368e-01
73310 1.576483460666991e+01 5.084824688696791e-01 2.438217118233736e-01 5.900869809099889e-01 7.743799909458386e-01 7.295715722267531e-01
79864 1.272042267838056e+01 4.582264478734975e-01 2.265773916944399e-01 5.992209538293669e-01 7.464991043636238e-01 6.861792183137474e-01
33438 2.421270877653449e+01 7.370242818442192e-01 3.278452344285696e-01 8.466387728724575e-01 7.464281522257794e-01 6.438509483570032e-01
42626 1.381720538885567e+01 6.364385645340312e-01 2.957480675370794e-01 6.520405391756046e-01 7.075433917634701e-01 6.920480170485549e-01
49534 1.528931243107223e+01 5.963058987052507e-01 2.726363681832206e-01 6.346625894525728e-01 6.957269724400637e-01 7.125784285072291e-01
40896 2.252089930770890e+01 6.449733204896544e-01 3.004321509062485e-01 6.714384839036061e-01 7.043237576032655e-01 7.089671079520506e-01
14010 1.951155057043712e+01 1.093504849653981e+00 4.395331468426227e-01 8.091876589726358e-01 7.525414009387290e-01 6.469551075790544e-01
72096 1.497594136044101e+01 4.878760247244318e-01 2.382493561123200e-01 6.414247815879645e-01 6.849016959727138e-01 7.279133925563464e-01
24628 2.239831034841764e+01 8.645276470600340e-01 3.681973141640785e-01 7.016615048828777e-01 6.971444545837835e-01 8.012403513847911e-01
92820 9.047901457090553e+00 4.076380032654605e-01 2.024250117432256e-01 6.507005451124277e-01 7.500246771706502e-01 6.025479723568112e-01
84380 1.450371179973742e+01 4.554770927020942e-01 2.270606524832151e-01 6.599344360389505e-01 6.822440255899397e-01 7.307562498680655e-01
87972 1.108986929271377e+01 4.295730073280430e-01 2.127591679177156e-01 6.868183057764171e-01 7.401573776782089e-01 7.315362350684262e-01
11508 2.261581239720486e+01 1.197910913714482e+00 4.900744020011548e-01 7.980718293140712e-01 7.680103924989572e-01 6.507611818673780e-01
51974 1.760098670627846e+01 5.658295254144972e-01 2.662531846816373e-01 6.561828597831014e-01 7.720461472919774e-01 6.855591064382042e-01
29444 1.962283569537470e+01 7.836920988744609e-01 3.480541011248908e-01 6.889123489445738e-01 7.179214072834840e-01 6.561857395178607e-01
32878 1.607456272763577e+01 7.372447232479291e-01 3.347973636027154e-01 7.432342819209128e-01 7.452881952833728e-01 6.397102471362571e-01
13704 2.929322803772348e+01 1.114116082958693e+00 4.419675353862242e-01 7.341119992564918e-01 7.317601438258674e-01 7.011311470926382e-01
47030 1.388541308940241e+01 5.976505931370841e-01 2.815661290482879e-01 6.389056123837628e-01 7.518393349797809e-01 7.043825757511327e-01
44660 1.289520748246810e+01 6.087954747361681e-01 2.845071107894490e-01 7.127815340013892e-01 7.997929764820151e-01 6.140170066864192e-01
77768 1.669951560866177e+01 4.638239675991145e-01 2.263938895745503e-01 5.728785662943272e-01 7.006594744457671e-01 7.008220169013386e-01
5924 2.814912774773381e+01 1.730061100133244e+00 6.130705451073762e-01 8.830508444416554e-01 7.325314874205415e-01 6.349206504918953e-01
58108 1.907941570515390e+01 5.419726272696035e-01 2.587601079372849e-01 6.743333176616302e-01 6.842142857149041e-01 7.508095482304691e-01
60232 1.267360430754096e+01 5.295458058970315e-01 2.515936338385331e-01 6.280808020912203e-01 6.731092345277561e-01 7.367356671426092e-01
6146 2.812835349635134e+01 1.641440568130897e+00 5.728907386267009e-01 8.267869227611723e-01 8.020544529582192e-01 7.500000589451743e-01
15540 2.063876063875486e+01 1.060067220819607e+00 4.300726292830318e-01 7.972909510442633e-01 8.196657059903789e-01 6.122539192152229e-01
75458 9.554794561462826e+00 4.741926424715969e-01 2.326322581613859e-01 5.789529049903214e-01 6.731091625637083e-01 6.661580569028985e-01
20472 2.103323653045861e+01 9.489474382769676e-01 3.969292400279422e-01 8.756041307370473e-01 6.945174229457963e-01 7.157724290901963e-01
54480 1.876120519036265e+01 5.658774026355116e-01 2.690500735487161e-01 6.743371077325312e-01 6.851675696125051e-01 7.105664056460081e-01
34232 1.526709439885536e+01 7.090940638938814e-01 3.300054080237380e-01 7.828704866493899e-01 7.822651539133157e-01 6.467615758678231e-01
69292 1.472775887162612e+01 4.960058881246185e-01 2.425558860199620e-01 6.003359612887480e-01 7.422049826315344e-01 7.553927488173368e-01
67108 1.287014149152237e+01 5.092166143977058e-01 2.501488944886881e-01 7.459324623674516e-01 7.292206137857282e-01 7.174380526554441e-01
89930 1.134095849760782e+01 4.355945013605639e-01 2.106312830463253e-01 6.587928169034685e-01 7.142398882664540e-01 6.696816762042676e-01
21126 2.183219147220183e+01 9.305671312768911e-01 4.066120439686526e-01 7.570245720745656e-01 7.312031014590452e-01 7.296594856878786e-01
41564 1.635555662034563e+01 7.007130483519662e-01 3.185711076672540e-01 7.272989353961532e-01 6.998382511046779e-01 7.957411784450246e-01
38152 1.637239679769980e+01 7.007836360094315e-01 3.145209039473894e-01 7.671250733063869e-01 7.407875457023753e-01 7.092754934383094e-01
30878 2.308453977611797e+01 7.278109391160983e-01 3.216722668919149e-01 7.009828445906263e-01 7.469882609401672e-01 6.896893115694277e-01
11446 2.056078882510379e+01 1.273787165764745e+00 4.924809774451430e-01 8.170774268585732e-01 7.928269864945117e-01 6.699995288820726e-01
85142 1.154725952276107e+01 4.482651069461985e-01 2.228925444989946e-01 5.811803854875793e-01 7.334361893267606e-01 6.926605887034694e-01
61680 1.797539003574801e+01 5.226671923500646e-01 2.511890051225428e-01 6.844502671436714e-01 7.342561464079433e-01 7.026197888731994e-01
16698 2.006168647677903e+01 9.926216627238991e-01 4.006671872844060e-01 6.432470995755402e-01 7.349636733044358e-01 6.845265592904509e-01
56412 1.641006648761435e+01 5.455534805409055e-01 2.591708439250079e-01 6.084242162384977e-01 7.326293286715022e-01 7.253077367565708e-01
17326 2.452933685337849e+01 1.014395631931211e+00 4.215765235553316e-01 7.692271263656092e-01 8.006668904722527e-01 6.226107260756998e-01
74008 9.506704062642115e+00 4.767159541266577e-01 2.334741181784253e-01 6.080161310450122e-01 7.519624692770310e-01 7.399413202379577e-01
43818 1.575430351524331e+01 6.193607589062564e-01 2.892613363150833e-01 7.272749197256971e-01 7.501938307755643e-01 7.296596417368287e-01
23660 1.805631699323485e+01 8.426734460792965e-01 3.614432066177773e-01 7.323768399671233e-01 7.486209810469752e-01 7.074115404734316e-01
21756 1.882350672512488e+01 9.000761281514471e-01 3.734183686307029e-01 7.196071090621252e-01 7.520660642000494e-01 6.249740159383402e-01
25962 1.648598141270326e+01 8.052958447423126e-01 3.542632512260878e-01 6.156855934240546e-01 7.486209737085310e-01 6.067769624887366e-01
22352 2.040353965249160e+01 8.752386470780649e-01 3.736432035617901e-01 7.516255518511321e-01 7.745367035813028e-01 6.861791075752811e-01
19964 1.781824338310678e+01 9.165126471156104e-01 3.904829733011739e-01 8.689164379265260e-01 7.623268248586865e-01 6.515161490731392e-01
25396 1.622145141240286e+01 8.256272080193684e-01 3.575760901395730e-01 6.923321642477175e-01 7.668589007809281e-01 7.505809734749959e-01
8490 2.216924148038911e+01 1.382656139926991e+00 5.152293900817461e-01 8.597940974341168e-01 7.617015579673544e-01 7.333333505701369e-01
6370 2.816792692427660e+01 1.640042750445634e+00 5.859340029230159e-01 8.504476570671423e-01 7.803843568607552e-01 5.791742597869335e-01
22722 2.315208140613135e+01 9.014144242299769e-01 3.950865154088267e-01 7.817807731950412e-01 7.457846843609952e-01 7.189974945476814e-01
37268 1.554430513008244e+01 6.701753164270273e-01 3.110589183975769e-01 6.993823046567729e-01 7.775547352694835e-01 6.826253654190262e-01
75404 1.637469734454696e+01 4.673606126934940e-01 2.281298646737045e-01 6.549096660051306e-01 7.038994321321524e-01 7.548517198270640e-01
57548 1.668980010494364e+01 5.374801243748579e-01 2.536385598502524e-01 5.739911472770689e-01 7.697840401860012e-01 6.964057518594999e-01
89158 9.722848261525227e+00 4.304882484663058e-01 2.117984521627382e-01 5.626910764805136e-01 6.979663565002449e-01 7.192474471434303e-01
10028 2.964415842729841e+01 1.321446660100280e+00 4.923087764946247e-01 9.045194439417039e-01 7.623995661934746e-01 6.584858410581249e-01
55014 1.516770601934659e+01 5.633093861261362e-01 2.684980150754101e-01 6.904655538345175e-01 7.305060497191194e-01 8.361771645411609e-01
59760 1.356451764232337e+01 5.437137378045078e-01 2.557866791183220e-01 7.021085656518468e-01 7.377833446021149e-01 6.915546621557142e-01
90768 1.515278061656699e+01 4.196632772649301e-01 2.062830378865528e-01 5.880078211307102e-01 6.715827108200405e-01 7.957412169456908e-01
87088 1.627670876886924e+01 4.304474598250412e-01 2.102569308964974e-01 5.124104994284072e-01 6.831920929214467e-01 7.218781445375103e-01
14636 2.735713713580931e+01 1.075390653692627e+00 4.264546999145846e-01 7.779242716642466e-01 7.390785563367428e-01 7.821215114421015e-01
68962 1.299332057607474e+01 4.974296985867965e-01 2.397687343004319e-01 6.839796457989332e-01 7.285587177351489e-01 7.031657230236874e-01
26682 2.710924667507749e+01 8.128787663802947e-01 3.555425964097029e-01 7.328856044417779e-01 6.843844678800775e-01 7.752000915479248e-01
29740 2.402585237114420e+01 7.734882611816771e-01 3.350847514699117e-01 7.323928929562058e-01 7.577111791858908e-01 7.010554728148187e-01
81062 9.785017857360092e+00 4.400713706822164e-01 2.163553401366768e-01 6.080101322871461e-01 7.922587410985024e-01 6.501487223449732e-01
65406 1.860587388501179e+01 5.234672190976388e-01 2.533096404457001e-01 6.597633119740071e-01 6.740630584843115e-01 7.196399746993498e-01
86844 1.589297336075439e+01 4.624937568591188e-01 2.263133074080351e-01 6.670344048394308e-01 7.663949371462593e-01 7.156524487611317e-01
48404 1.367449399962064e+01 5.816193333332587e-01 2.706545633905220e-01 6.063962508097419e-01 7.339701575665478e-01 7.829972981114783e-01
36512 1.479916341596282e+01 6.893863252642018e-01 3.111555247105195e-01 7.487767308040463e-01 7.188533326071778e-01 6.996626539240844e-01
7944 2.863505629064391e+01 1.416977791928720e+00 5.246683641861757e-01 7.870238026356409e-01 7.422663057470476e-01 7.505320530271656e-01
48268 1.867545925961518e+01 5.961260800580515e-01 2.764189491794190e-01 7.047115931117048e-01 7.149864038258853e-01 6.685866363340466e-01
49138 1.627675480708571e+01 5.958154680397749e-01 2.847218246586485e-01 6.887131004868982e-01 7.486196204530879e-01 6.281066685794510e-01
9372 4.511948954567536e+01 1.324401347128169e+00 5.056626016426450e-01 7.574071953111007e-01 7.969562630932605e-01 6.218280380570486e-01
53564 1.395165644003491e+01 5.791142438618890e-01 2.746623552865171e-01 7.455808495396419e-01 7.307271855035120e-01 7.010554437745888e-01
15040 2.169406147799833e+01 1.074038203660740e+00 4.397596781370994e-01 8.039819714047790e-01 8.066562079313324e-01 6.575089207168660e-01
50196 1.325838962297484e+01 5.982770169540281e-01 2.842270696299984e-01 6.954694211271217e-01 6.842142551403090e-01 6.965816626095751e-01
18314 1.922988839986960e+01 9.777562026743374e-01 4.070413962427360e-01 6.902433060558673e-01 7.699463845748771e-01 6.158196885353844e-01
31224 1.838505071969380e+01 7.264705682799469e-01 3.227554400695126e-01 6.855343759642429e-01 7.478397226967166e-01 7.074833052674229e-01
23118 1.960736003381854e+01 8.524494100765320e-01 3.576943512341620e-01 6.896079537996216e-01 7.290314846460633e-01 7.474749983961976e-01
67320 1.041825468810640e+01 4.896242873633225e-01 2.367235603359580e-01 5.661930017309068e-01 7.563361929330634e-01 6.643458712381851e-01
45246 1.332992061271856e+01 6.048058510051659e-01 2.855866999783568e-01 7.110981801657389e-01 7.041317687974855e-01 6.463107943702534e-01
39196 1.595736376560530e+01 6.749126165502195e-01 3.118695416204114e-01 7.376355251397209e-01 7.617841175996869e-01 7.158603395798880e-01
46234 1.453803533035812e+01 6.284787913476572e-01 2.919063720943312e-01 6.705946865307921e-01 7.241636279739875e-01 6.265710619016897e-01
6932 2.956090849314027e+01 1.497274790463658e+00 5.518919631103993e-01 7.573094225242104e-01 7.680769998532669e-01 7.443621593593415e-01
38926 1.658175103256798e+01 6.699083385770761e-01 3.032445108111083e-01 7.034275775479111e-01 6.906111989720511e-01 6.986652549472958e-01
14426 2.265596013581735e+01 1.085947898204278e+00 4.266970517750035e-01 7.312007809016162e-01 7.317601336283336e-01 7.296595162194692e-01
63630 1.448101494213600e+01 5.147389408868505e-01 2.495588612301975e-01 6.428977380469887e-01 6.822441518566840e-01 7.752002699553183e-01
28840 1.785970063584276e+01 7.792677429846016e-01 3.481988214859573e-01 7.892223574553795e-01 7.623995671629501e-01 6.652743370481856e-01
35720 1.842842594556360e+01 6.725063813813835e-01 3.066670970515198e-01 6.642051511210313e-01 7.058728125855529e-01 7.624625026344266e-01
24124 2.052406842067950e+01 8.481095472260605e-01 3.675239041636649e-01 7.290660258830013e-01 7.464282031621758e-01 6.034613985478388e-01
8764 4.395176509176190e+01 1.364278478561816e+00 5.152514396243769e-01 9.827278512103023e-01 7.621528942260885e-01 6.441175509932456e-01
6656 2.844124723924595e+01 1.625416353812153e+00 5.967822466966908e-01 7.762585383316191e-01 7.822823833230322e-01 6.876851886290076e-01
79404 1.438171473499824e+01 4.618686760990441e-01 2.274649546637602e-01 5.741414123315477e-01 7.249275819955107e-01 7.864705830971013e-01
35218 2.255209132778453e+01 6.965587304266092e-01 3.202576419787704e-01 6.692211064229285e-01 7.468564800466166e-01 6.022749695377275e-01
83276 1.546697190276637e+01 4.325849293335219e-01 2.124721028929953e-01 5.548022352986465e-01 6.910028095743372e-01 7.147642234515748e-01
11820 2.600674599852464e+01 1.250999175017209e+00 4.793742540425215e-01 8.035841096869475e-01 7.188533099967892e-01 7.000323024596660e-01
17340 1.895929128152408e+01 9.798972904074630e-01 4.061383069815296e-01 8.740463004540866e-01 7.968356237959819e-01 6.415675141492435e-01
52648 1.951284734582832e+01 5.951642555476846e-01 2.804686774273106e-01 7.485298490613908e-01 7.210145908277308e-01 7.185587851940768e-01
58918 1.312947073736020e+01 5.385189249588576e-01 2.582876474950013e-01 6.118743029241728e-01 7.103522494218467e-01 7.098644925936225e-01
20768 2.434718142893474e+01 8.876025613349077e-01 3.776899326135667e-01 7.864162133535350e-01 7.370047522760083e-01 7.428090826124614e-01
82850 1.190749992030618e+01 4.942194914298841e-01 2.398719065346210e-01 6.446464043467718e-01 7.381073280232401e-01 7.192474153238646e-01
19100 2.141874654641800e+01 9.420358291324028e-01 3.928277879465114e-01 7.497602777827603e-01 7.486209452526702e-01 6.067770513916597e-01
26532 1.530289548463207e+01 8.058378497262407e-01 3.528045294993234e-01 7.182324518967870e-01 7.108987041106960e-01 7.724965459123366e-01
27928 1.855390810067706e+01 8.014626375188698e-01 3.597344709315932e-01 7.803764032598035e-01 6.932527316555319e-01 6.664854538286518e-01
19384 2.294023647043916e+01 9.887408932387476e-01 4.163645282645222e-01 7.775279384959590e-01 7.352515661100808e-01 6.801092877485224e-01
28370 1.676385304470885e+01 7.746575759383767e-01 3.396594416859970e-01 7.726389913422130e-01 7.221816677616620e-01 6.095263954446581e-01
12124 2.862154516867734e+01 1.172286967570792e+00 4.610406546207698e-01 7.947435912895959e-01 6.708909182183659e-01 7.657570706421000e-01
30148 1.886646135739150e+01 7.532334374817948e-01 3.336611191622395e-01 7.562890274623646e-01 7.385681559183889e-01 7.088014474334019e-01
46886 1.952553639026642e+01 5.891744228473856e-01 2.748755296488977e-01 6.119285508963602e-01 7.468841037275502e-01 6.950733344134705e-01
64962 1.137943775358815e+01 5.063691939001757e-01 2.481032922688138e-01 6.208558989844845e-01 7.395649204373104e-01 7.385002952162993e-01
12958 2.189010207773538e+01 1.167569442771537e+00 4.579450785147243e-01 7.939153942789057e-01 7.925026423997079e-01 6.929863138244396e-01
81776 1.277649533228109e+01 4.425505696981509e-01 2.180825398579712e-01 6.917588826260563e-01 7.318269732065505e-01 6.780201316705103e-01
69840 1.324660250018693e+01 4.847943464539867e-01 2.344109260519452e-01 6.222621589129604e-01 7.118947528691627e-01 7.037390690048138e-01
91782 1.266369991787486e+01 4.435274260586333e-01 2.164547586992120e-01 6.627763381005820e-01 6.772064806894778e-01 7.125785387308091e-01
95080 1.347028062397221e+01 4.333434715844723e-01 2.136654425986955e-01 5.887340326748792e-01 7.520403786604529e-01 6.929863685334884e-01
36980 2.260520372226572e+01 6.884259738507608e-01 3.153687756164119e-01 7.767092695171369e-01 7.951046303756812e-01 6.696996893230037e-01
10218 2.291728638586007e+01 1.243739615998701e+00 4.767269336047801e-01 9.207984832809684e-01 7.520553737688280e-01 6.293906967239704e-01
72956 1.255177618041609e+01 4.684480427158746e-01 2.258574738251670e-01 6.728397178348748e-01 7.562361194059891e-01 6.909273572625698e-01
18802 1.990946412468296e+01 9.450951287017001e-01 3.969031793475130e-01 8.423571393300590e-01 7.006595527844561e-01 6.228563889942276e-01
78570 1.140626091283639e+01 4.550381408223848e-01 2.238165465992790e-01 5.568151847604182e-01 6.924744245967995e-01 6.875971236943247e-01
31652 1.563387306118859e+01 7.446311872143159e-01 3.330914213835671e-01 7.389837086680643e-01 7.885614083850978e-01 6.782282960874504e-01
16112 2.997870324281213e+01 1.030821081197883e+00 4.217930394284024e-01 7.619095398391763e-01 7.317601246250460e-01 7.011311693197723e-01
24866 1.832148116945876e+01 8.199475587673128e-01 3.580021547313383e-01 7.240339834419571e-01 6.954079555960553e-01 7.296595293570732e-01
51562 1.378680586566212e+01 5.994852738264844e-01 2.801429080404623e-01 6.633044364800630e-01 7.515916910187601e-01 7.389165055539364e-01
62920 1.633628176364791e+01 5.080177978751663e-01 2.433328122120043e-01 6.540812750789741e-01 6.789439752907824e-01 7.656003340718137e-01
7712 2.473676425167539e+01 1.432306751573710e+00 5.391237040870107e-01 9.830930146221970e-01 7.312030611493483e-01 7.497911105029774e-01
32254 1.767370526690409e+01 7.756269539353953e-01 3.534697319513228e-01 7.630460689328575e-01 7.967488992745475e-01 6.782283614786281e-01
9658 2.511237912886419e+01 1.362983394025234e+00 5.150503147136486e-01 8.206124002951063e-01 7.831653635487993e-01 6.685673763286663e-01
40468 1.564981505416736e+01 6.440759565253373e-01 2.934957857052480e-01 6.597968618290917e-01 7.668588968308772e-01 6.929862128184839e-01
34856 1.729452336545747e+01 7.281843995755182e-01 3.307608153372489e-01 7.881864745881242e-01 7.647951262516819e-01 7.043825548486724e-01
8334 3.029388573006802e+01 1.350142911205788e+00 5.126918457375367e-01 8.098849672017044e-01 7.680770131720985e-01 6.461564463820371e-01
9096 2.383254376248616e+01 1.319247851922755e+00 5.107977117342226e-01 7.776300512656610e-01 8.219972392215972e-01 5.454937123426522e-01
17774 2.096561190812193e+01 9.980138349225257e-01 4.030966495838613e-01 7.054605602179258e-01 7.258116873586424e-01 6.469549924626448e-01
13192 2.413654001674890e+01 1.138281193916997e+00 4.634605586696958e-01 8.473343026785387e-01 8.043407176635609e-01 6.498776606007055e-01
57536 1.260917758423677e+01 5.551896803689110e-01 2.661393219482192e-01 6.522571977221838e-01 7.706015322057569e-01 7.062730497646184e-01
94716 1.072581980217168e+01 4.127123302272732e-01 2.038292225108675e-01 6.055149892306895e-01 7.359330590667470e-01 6.865058257515436e-01
39728 2.326192375992537e+01 6.570719642643430e-01 3.019829357224751e-01 6.297343453631450e-01 6.915927483904940e-01 7.108979210280801e-01
7122 3.939653452804136e+01 1.471293303175780e+00 5.332715844486802e-01 7.582840048895092e-01 7.793479407902829e-01 6.349558765011960e-01
10984 2.114104881783619e+01 1.214873012082599e+00 4.651022751523682e-01 7.969944265950046e-01 7.967154355322154e-01 5.747965598852827e-01
61934 1.699846305595572e+01 5.030448369390548e-01 2.407428382850444e-01 6.736170447939667e-01 6.555760213803139e-01 8.320917050248048e-01
66072 1.253285378204772e+01 5.246783311916022e-01 2.496979312746987e-01 6.148094312877284e-01 7.878778519813585e-01 6.854073913278378e-01
42414 2.130852776173049e+01 6.524447026141535e-01 2.970250442959765e-01 6.626569006838614e-01 6.851753244595403e-01 7.575686058651908e-01
10374 2.107815984190653e+01 1.305659437708685e+00 5.127335617623230e-01 1.115518984154676e+00 8.103155110781460e-01 5.893603962315654e-01
7358 2.450675129954692e+01 1.535834565531789e+00 5.640976942838776e-01 7.682820951597349e-01 7.924240693925877e-01 5.913009014946595e-01
12652 2.479559056043185e+01 1.166793835408357e+00 4.615091220937967e-01 7.609912553579088e-01 8.030296695536194e-01 5.530530907422397e-01
