10000 2.262741699797117e+00 7.826291488144831e-01 3.911826325801168e-01 4.111458398027557e-01 1.000000000000000e+00 1.776356839400289e-14
12100 2.057037908906419e+00 6.852585034203715e-01 3.620937581057340e-01 3.849492583671560e-01 1.000000000000000e+00 1.953992523340297e-14
14400 1.885618083164282e+00 6.275940639274565e-01 3.373827995603441e-01 3.576174195770661e-01 1.000000000000000e+00 1.065814103640166e-14
16900 1.740570538305432e+00 5.686824787389486e-01 3.137237472123287e-01 3.379914804364994e-01 1.000000000000000e+00 2.309263891220334e-14
19600 1.616244071283703e+00 5.080063135340338e-01 2.888379704293061e-01 3.162286952217425e-01 1.000000000000000e+00 2.486899575160421e-14
22500 1.508494466531467e+00 4.539233534974501e-01 2.652987818987203e-01 2.955037176784622e-01 1.000000000000000e+00 2.664535259100456e-14
25600 1.414213562373096e+00 4.119410565749989e-01 2.446521685572182e-01 2.765807620186687e-01 1.000000000000000e+00 0.000000000000000e+00
28900 1.331024529292410e+00 3.772565893791830e-01 2.263442466290506e-01 2.661238807539618e-01 1.000000000000000e+00 3.019806626980437e-14
32400 1.257078722109584e+00 3.452480505367970e-01 2.092880772886208e-01 2.569701136103520e-01 1.000000000000000e+00 3.197442310920566e-14
36100 1.190916684103823e+00 3.122116026462498e-01 1.935214518321418e-01 2.470518596061222e-01 1.000000000000000e+00 3.375077994860608e-14
40000 1.131370849898654e+00 2.878998497626826e-01 1.797583363636484e-01 2.353432170657170e-01 1.000000000000000e+00 3.552713678800703e-14
44100 1.077496047522446e+00 2.671425189114887e-01 1.678297201925450e-01 2.222087314227583e-01 1.000000000000000e+00 3.730349362740540e-14
48400 1.028518954453240e+00 2.447778720563168e-01 1.571351352076515e-01 2.108301070881676e-01 1.000000000000000e+00 3.907985046680594e-14
52900 9.838007390422584e-01 2.268085120292413e-01 1.473432026742356e-01 2.036156338451213e-01 1.000000000000000e+00 4.085620730620640e-14
57600 9.428090415821713e-01 2.119105430311768e-01 1.385249149915442e-01 1.966426724114234e-01 1.000000000000000e+00 4.263256414560664e-14
62500 9.050966799189625e-01 1.983574057209092e-01 1.307332558389030e-01 1.898651890941235e-01 1.000000000000000e+00 4.440892098500918e-14
67600 8.702852691528410e-01 1.867758893640317e-01 1.237181681440256e-01 1.832429757871163e-01 1.000000000000000e+00 4.618527782440878e-14
72900 8.380524814063530e-01 1.752057873457765e-01 1.172334043369625e-01 1.767442622325486e-01 1.000000000000000e+00 4.796163466380770e-14
